
-----------------------------------------------------------------------------
   PRES   HGHT   TEMP   DWPT   RELH   MIXR   DRCT   SKNT   THTA   THTE   THTV
    hPa     m      C      C      %    g/kg    deg   knot     K      K      K 
-----------------------------------------------------------------------------
 1000.0    201                                                               
  970.0    450    5.0    0.4     72   4.08    335     10  280.6  292.1  281.3
  925.0    834    0.6   -0.9     90   3.89    335     16  279.9  290.9  280.6
  919.0    886    0.0   -1.0     93   3.89    336     16  279.8  290.8  280.5
  875.0   1278   -2.7   -2.7    100   3.60    342     23  281.0  291.2  281.6
  856.0   1451   -3.9   -3.9    100   3.36    345     25  281.5  291.1  282.0
  850.0   1507   -4.3   -4.3    100   3.28    345     23  281.6  291.1  282.2
  814.0   1847   -6.5   -7.2     95   2.75      2     32  282.8  290.8  283.3
  808.0   1905   -5.9   -9.8     74   2.26      5     33  284.0  290.8  284.4
  804.0   1944   -5.5  -11.5     63   1.98      6     32  284.9  290.8  285.2
  755.0   2433   -7.8  -14.4     59   1.67     15     25  287.5  292.6  287.8
  732.0   2674   -9.0  -15.8     58   1.53      5     19  288.8  293.5  289.1
  718.0   2824   -9.7  -16.7     57   1.45    356     21  289.6  294.1  289.9
  717.0   2835   -9.7  -17.0     55   1.41    355     21  289.7  294.1  289.9
  700.0   3020  -10.5  -22.5     37   0.90      0     31  290.8  293.7  291.0
  698.0   3042  -10.5  -22.5     37   0.91      1     32  291.1  294.0  291.2
  687.0   3165   -9.9  -23.9     31   0.81      4     34  293.1  295.7  293.2
  652.0   3566  -11.2  -35.6     11   0.28     15     43  296.0  297.0  296.1
  612.0   4052  -12.7  -49.7      3   0.07     11     58  299.7  299.9  299.7
  610.0   4077  -12.7  -49.7      3   0.07     11     59  300.0  300.2  300.0
  601.0   4191  -12.3  -48.1      3   0.08     10     62  301.7  302.0  301.7
  587.0   4371  -11.7  -45.7      4   0.11     10     64  304.4  304.9  304.4
  515.0   5360  -18.9  -26.9     49   0.83     10     72  307.3  310.2  307.5
  500.0   5580  -19.9  -31.9     34   0.53     10     74  308.7  310.6  308.8
  479.0   5898  -21.5  -42.5     13   0.19      6     82  310.6  311.3  310.6
  474.0   5973  -22.1  -43.0     13   0.18      5     84  310.8  311.4  310.8
  400.0   7200  -31.7  -50.7     14   0.09     10     84  313.7  314.1  313.7
  367.0   7803  -36.7  -51.7     20   0.09      7     84  314.9  315.2  314.9
  300.0   9170  -46.5  -61.5     17   0.03      0     84  319.7  319.8  319.7
  295.0   9280  -47.5  -61.9     18   0.03      0     84  319.9  320.0  319.9
  284.0   9529  -49.7  -62.7     20   0.03      0     89  320.2  320.3  320.2
  271.0   9831  -51.5  -64.8     19   0.02      0     95  321.9  322.0  321.9
  250.0  10350  -54.5  -68.5     16   0.02    355     93  324.9  325.0  324.9
  224.0  11049  -57.7  -71.7     15   0.01    345     84  330.4  330.4  330.4
  223.0  11077  -57.6  -72.0     14   0.01    345     85  331.0  331.0  331.0
  212.0  11399  -56.0  -74.9      8   0.01    355     84  338.2  338.2  338.2
  200.0  11770  -54.3  -78.3      4   0.00      5     64  346.6  346.6  346.6
  199.0  11802  -54.3  -78.4      4   0.00      5     62  347.2  347.2  347.2
  191.0  12065  -53.9  -79.5      3   0.00    350     51  351.8  351.8  351.8
  183.0  12338  -53.6  -80.6      2   0.00    350     56  356.7  356.7  356.7
  173.0  12698  -53.1  -82.1      2   0.00    350     41  363.3  363.3  363.3
  165.0  13001  -53.6  -82.9      2   0.00    345     49  367.4  367.4  367.4
  150.0  13610  -54.5  -84.5      1   0.00      5     39  376.0  376.0  376.0
  143.0  13913  -54.9  -84.7      1   0.00      0     29  380.4  380.4  380.4
  133.0  14372  -55.5  -84.9      1   0.00    340     31  387.3  387.3  387.3
  125.0  14766  -56.0  -85.1      1   0.00    355     21  393.3  393.3  393.3
  117.0  15185  -56.6  -85.4      2   0.00      0     33  399.8  399.8  399.8
  114.0  15349  -56.8  -85.5      2   0.00      5     25  402.4  402.4  402.4
  109.0  15634  -57.2  -85.6      2   0.00    325     21  406.8  406.9  406.8
  104.0  15931  -57.6  -85.8      2   0.00    355     19  411.6  411.6  411.6
  102.0  16054  -57.7  -85.8      2   0.00    350     12  413.6  413.6  413.6
  101.0  16117  -57.8  -85.9      2   0.00    335     10  414.6  414.6  414.6
  100.0  16180  -57.9  -85.9      2   0.00    330     10  415.6  415.6  415.6
   96.0  16437  -58.7  -86.3      2   0.00    315     17  419.0  419.0  419.0
   90.0  16842  -59.9  -86.9      2   0.00    355     27  424.4  424.4  424.4
   89.9  16849  -59.9  -86.9      2   0.00    355     27  424.4  424.4  424.4
   86.0  17128  -58.0  -87.0      1   0.00      5     10  433.6  433.6  433.6
   84.1  17269  -57.1  -87.1      1   0.00      2      4  438.3  438.3  438.3
   83.0  17352  -57.4  -87.1      1   0.00      0      0  439.3  439.3  439.3
   80.0  17582  -58.3  -87.2      1   0.00    305     10  442.1  442.1  442.1
   75.0  17987  -59.9  -87.3      2   0.00    320     10  447.1  447.1  447.1
   72.0  18243  -60.8  -87.4      2   0.00    295     10  450.3  450.3  450.3
   70.0  18420  -61.5  -87.5      2   0.00    310     16  452.5  452.5  452.5
   68.0  18599  -61.9  -87.6      2   0.00    330     10  455.4  455.4  455.4
   63.0  19070  -62.9  -87.9      2   0.00    315     10  463.2  463.2  463.2
   61.0  19268  -63.0  -88.2      2   0.00    325     10  467.3  467.3  467.3
   60.0  19370  -63.0  -88.3      2   0.00    295      2  469.4  469.4  469.4
   56.0  19793  -63.3  -88.8      2   0.00    240     12  478.2  478.3  478.2
   54.0  20017  -63.4  -89.2      2   0.00    285     12  483.0  483.0  483.0
   51.7  20284  -63.5  -89.5      2   0.00    260     11  488.7  488.8  488.7
   50.0  20490  -61.7  -88.7      2   0.00    240     10  497.7  497.7  497.7
   49.0  20615  -61.4  -88.7      2   0.00    260     12  501.2  501.2  501.2
   47.0  20873  -60.9  -88.7      1   0.00    230     14  508.6  508.6  508.6
   46.5  20940  -60.7  -88.7      1   0.00    228     12  510.5  510.5  510.5
   44.0  21281  -60.9  -88.8      1   0.00    220      6  518.1  518.1  518.1
   42.0  21569  -61.1  -88.9      1   0.00    205     10  524.5  524.5  524.5
   40.0  21871  -61.3  -89.0      1   0.00    235     14  531.4  531.4  531.4
   36.0  22522  -61.8  -89.2      1   0.00    255     25  546.5  546.5  546.5
   30.0  23650  -62.5  -89.5      2   0.00    225     29  573.7  573.7  573.7
   26.0  24528  -63.9  -90.9      1   0.00    245     37  593.5  593.6  593.5
   25.6  24623  -64.1  -91.1      1   0.00    241     38  595.7  595.8  595.7
   24.0  25020  -63.5  -90.7      1   0.00    225     45  608.6  608.7  608.6
   22.0  25554  -62.6  -90.2      1   0.01    235     41  626.5  626.5  626.5
   21.0  25840  -62.2  -90.0      1   0.01    225     35  636.2  636.3  636.2
   20.0  26140  -61.7  -89.7      1   0.01    225     43  646.6  646.6  646.6
   19.0  26456  -62.5  -89.8      1   0.01    245     43  653.7  653.8  653.7
   18.5  26621  -62.9  -89.9      2   0.01    245     41  657.4  657.5  657.4
   18.0  26795  -61.9  -89.5      1   0.01    245     39  665.6  665.7  665.6
   17.0  27159  -59.9  -88.6      1   0.01    235     37  683.0  683.1  683.0
   14.0  28394  -53.1  -85.5      1   0.02    215     68  745.2  745.4  745.2
   12.3  29218  -48.5  -83.5      1   0.03    234     79  789.3  789.7  789.3
   12.2  29272  -48.4  -83.5      1   0.03    235     80  791.7  792.1  791.7
   12.0  29381  -48.0  -83.4      1   0.03    230     80  796.5  796.9  796.5
   10.0  30590  -44.7  -82.7      1   0.04    240     68  851.6  852.1  851.6
    9.2  31149  -43.3  -82.3      1   0.05    240     63  877.4  878.1  877.5
    9.0  31299  -41.1  -81.6      0   0.06    240     62  891.3  892.1  891.4
    8.8  31451  -38.9  -80.9      0   0.07    238     64  905.7  906.6  905.7
    8.0  32110  -36.5  -79.2      0   0.10    230     72  940.3  941.6  940.4
    7.7  32374  -35.5  -78.5      0   0.11                954.5  956.1  954.6

*****************************************************************************

                             Station number: 10548
                           Observation time: 250331/1200
                           Station latitude: 50.56
                          Station longitude: 10.38
                          Station elevation: 450.0
                            Showalter index: 15.52
                               Lifted index: 15.32
    LIFT computed using virtual temperature: 15.35
                                SWEAT index: 120.44
                                    K index: -0.70
                         Cross totals index: 15.60
                      Vertical totals index: 15.60
                        Totals totals index: 31.20
      Convective Available Potential Energy: 2.41
             CAPE using virtual temperature: 2.78
                      Convective Inhibition: -0.11
             CINS using virtual temperature: -0.03
                           Equilibrum Level: 813.66
 Equilibrum Level using virtual temperature: 813.57
                   Level of Free Convection: 889.37
             LFCT using virtual temperature: 892.22
                     Bulk Richardson Number: 0.02
          Bulk Richardson Number using CAPV: 0.02
  Temp [K] of the Lifted Condensation Level: 272.16
Pres [hPa] of the Lifted Condensation Level: 903.67
   Equivalent potential temp [K] of the LCL: 291.33
     Mean mixed layer potential temperature: 280.17
              Mean mixed layer mixing ratio: 3.96
              1000 hPa to 500 hPa thickness: 5379.00
Precipitable water [mm] for entire sounding: 8.83
