
-----------------------------------------------------------------------------
   PRES   HGHT   TEMP   DWPT   RELH   MIXR   DRCT   SKNT   THTA   THTE   THTV
    hPa     m      C      C      %    g/kg    deg   knot     K      K      K 
-----------------------------------------------------------------------------
 1000.0    208                                                               
  971.0    450    6.8    2.3     73   4.67     70      4  282.3  295.5  283.1
  964.0    510    9.0    2.0     62   4.61     87      9  285.1  298.3  285.9
  963.0    519    9.0    1.9     61   4.59     90     10  285.2  298.4  286.0
  934.0    774    8.2    0.2     57   4.17    105     22  286.9  299.0  287.6
  925.0    854    7.6   -0.4     57   4.03    110     25  287.1  298.8  287.8
  915.0    943    6.9   -0.5     59   4.04    115     29  287.3  299.0  288.0
  866.0   1394    3.4   -1.1     72   4.09    115     26  288.1  300.1  288.9
  850.0   1545    2.6   -6.4     52   2.80    115     25  288.9  297.2  289.4
  828.0   1756    1.2  -13.8     32   1.60    119     27  289.6  294.5  289.8
  811.0   1924    2.6  -22.4     14   0.79    122     29  292.8  295.3  292.9
  765.0   2394    1.2  -29.2      8   0.45    130     33  296.1  297.7  296.2
  760.0   2447    1.0  -30.0      8   0.42    129     33  296.5  298.0  296.6
  701.0   3090   -4.0  -29.1     12   0.49    115     39  297.9  299.6  298.0
  700.0   3101   -4.1  -29.1     12   0.50    115     39  297.9  299.6  298.0
  679.0   3337   -5.6  -31.2     11   0.42    130     41  298.8  300.3  298.9
  613.0   4129  -10.8  -38.1      9   0.24    115     45  301.7  302.6  301.7
  586.0   4478  -13.1  -41.1      8   0.18    119     46  302.9  303.6  303.0
  542.0   5064  -16.4  -45.4      6   0.12    125     49  305.8  306.3  305.8
  500.0   5670  -19.9  -49.9      5   0.08    105     45  308.7  309.0  308.7
  490.0   5819  -20.9  -50.9      5   0.07    108     49  309.3  309.6  309.3
  481.0   5953  -22.0  -51.2      5   0.07    110     52  309.6  309.8  309.6
  400.0   7280  -33.1  -54.1     10   0.06    115     33  311.9  312.1  311.9
  359.0   8025  -39.9  -55.9     16   0.05    115     29  312.6  312.9  312.6
  343.0   8339  -42.7  -56.7     20   0.05    110     28  312.9  313.1  312.9
  338.0   8438  -43.3  -58.3     18   0.04    108     27  313.4  313.5  313.4
  318.0   8846  -46.5  -53.5     45   0.08    101     26  314.4  314.8  314.4
  315.0   8908  -46.9  -56.1     34   0.06    100     25  314.7  314.9  314.7
  311.0   8993  -47.5  -59.5     24   0.04    100     26  315.0  315.2  315.0
  300.0   9230  -49.3  -60.3     26   0.04    100     27  315.8  315.9  315.8
  270.0   9912  -55.5  -62.5     41   0.03    100     33  316.4  316.5  316.4
  256.0  10250  -56.9  -68.9     21   0.01    100     36  319.2  319.2  319.2
  250.0  10400  -57.7  -65.7     35   0.02    100     37  320.2  320.3  320.2
  249.0  10425  -57.7  -65.7     35   0.02    100     38  320.5  320.6  320.5
  237.0  10735  -59.3  -74.3     13   0.01    100     47  322.7  322.7  322.7
  230.0  10924  -58.2  -76.6      8   0.00    100     52  327.1  327.2  327.1
  221.0  11175  -56.7  -79.7      4   0.00    106     41  333.2  333.2  333.2
  207.0  11591  -55.6  -80.6      3   0.00    115     23  341.1  341.1  341.1
  200.0  11810  -55.1  -81.1      3   0.00    110     23  345.4  345.4  345.4
  196.0  11940  -54.0  -81.7      2   0.00    105     23  349.2  349.2  349.2
  191.0  12107  -52.5  -82.5      2   0.00    114     18  354.1  354.1  354.1
  188.0  12209  -52.9  -82.7      2   0.00    120     16  355.1  355.1  355.1
  179.0  12524  -54.1  -83.2      2   0.00    100     21  358.0  358.1  358.0
  171.0  12818  -55.3  -83.7      2   0.00    125     16  360.8  360.8  360.8
  168.0  12932  -55.8  -83.8      2   0.00    115     16  361.9  361.9  361.9
  167.0  12971  -55.9  -83.9      2   0.00    105     16  362.3  362.3  362.3
  160.0  13246  -54.9  -84.1      2   0.00    110     23  368.5  368.5  368.5
  154.0  13491  -53.9  -84.2      1   0.00     75     17  374.1  374.1  374.1
  152.0  13575  -53.6  -84.2      1   0.00     85     17  376.1  376.1  376.1
  150.0  13660  -53.3  -84.3      1   0.00    105     16  378.0  378.1  378.0
  145.0  13878  -52.8  -83.8      1   0.00    150     10  382.6  382.6  382.6
  144.0  13923  -52.7  -83.7      1   0.00    145      9  383.5  383.5  383.5
  118.0  15190  -58.2  -86.5      2   0.00      0      0  395.8  395.8  395.8
  116.0  15299  -58.7  -86.7      2   0.00     85      4  396.9  396.9  396.9
  112.0  15522  -57.7  -86.4      1   0.00     60     10  402.7  402.7  402.7
  109.0  15694  -56.9  -86.2      1   0.00     90     16  407.3  407.3  407.3
  104.0  15991  -55.6  -85.8      1   0.00    100     12  415.3  415.3  415.3
  100.0  16240  -54.5  -85.5      1   0.00     75      4  422.1  422.2  422.1
   86.0  17191  -56.2  -85.9      1   0.00    135     10  437.3  437.4  437.3
   70.0  18490  -58.5  -86.5      2   0.00    135      4  458.9  458.9  458.9
   60.8  19373  -60.1  -88.1      1   0.00     62      2  474.2  474.2  474.2
   54.0  20122  -56.6  -86.8      1   0.00      0      0  498.5  498.5  498.5
   51.6  20409  -55.3  -86.3      1   0.00    245      8  508.1  508.2  508.1
   51.0  20484  -55.8  -86.4      1   0.00    215     10  508.8  508.8  508.8
   50.0  20610  -56.5  -86.5      1   0.00    225     14  509.9  509.9  509.9
   49.0  20738  -57.1  -86.8      1   0.00    240     14  511.5  511.6  511.5
   46.5  21070  -58.5  -87.5      1   0.00    228      9  515.8  515.8  515.8
   44.0  21419  -58.4  -87.5      1   0.00    215      4  524.3  524.3  524.3
   41.0  21865  -58.2  -87.6      1   0.00    195     10  535.3  535.4  535.3
   40.0  22021  -58.2  -87.6      1   0.00    235     14  539.3  539.3  539.3
   38.0  22345  -58.1  -87.6      1   0.00    215     12  547.5  547.5  547.5
   34.0  23047  -57.8  -87.7      1   0.01    210     10  565.8  565.9  565.8
   32.1  23411  -57.7  -87.7      1   0.01    253     15  575.5  575.6  575.5
   32.0  23430  -57.6  -87.7      1   0.01    255     16  576.2  576.2  576.2
   30.0  23840  -56.5  -87.5      1   0.01    245     14  590.0  590.1  590.0
   29.0  24057  -55.9  -87.2      1   0.01    220     16  597.4  597.5  597.4
   26.0  24755  -54.0  -86.3      1   0.01    230     21  621.8  621.9  621.8
   24.2  25214  -52.7  -85.7      1   0.01    208     25  638.4  638.5  638.4
   24.0  25268  -52.8  -85.7      1   0.01    205     25  639.7  639.8  639.7
   23.0  25541  -53.1  -85.9      1   0.01    225     27  646.5  646.6  646.5
   21.0  26126  -53.9  -86.2      1   0.01    235     23  661.2  661.3  661.2
   20.0  26440  -54.3  -86.3      1   0.01    245     21  669.2  669.3  669.2
   19.0  26768  -54.7  -86.7      1   0.01    250     33  677.9  678.0  677.9
   17.0  27479  -55.5  -87.5      1   0.01    240     23  697.1  697.2  697.1
   16.6  27632  -55.7  -87.7      1   0.01    239     26  701.3  701.4  701.3
   15.0  28286  -53.3  -86.6      1   0.01    235     37  729.8  730.0  729.8
   13.2  29111  -50.3  -85.3      1   0.02    221     31  767.4  767.6  767.4
   12.0  29732  -50.9  -85.4      1   0.02    210     27  786.4  786.7  786.4
   11.0  30299  -51.4  -85.5      1   0.02    220     19  804.2  804.5  804.2
   10.9  30358  -51.5  -85.5      1   0.02    218     20  806.1  806.4  806.1
   10.0  30920  -49.9  -84.9      1   0.03    195     27  832.2  832.6  832.2
    9.0  31612  -48.4  -84.1      1   0.04    200     21  863.4  863.9  863.5
    8.7  31834  -47.9  -83.9      1   0.04    246     15  873.7  874.3  873.7
    8.3  32144  -48.5  -84.5      1   0.04    310      7  883.2  883.7  883.2
    8.0                                         0      0                     

*****************************************************************************

                             Station number: 10548
                           Observation time: 250403/0000
                           Station latitude: 50.56
                          Station longitude: 10.38
                          Station elevation: 450.0
                            Showalter index: 11.03
                               Lifted index: 10.12
    LIFT computed using virtual temperature: 10.04
                                SWEAT index: 95.18
                                    K index: -8.90
                         Cross totals index: 13.50
                      Vertical totals index: 22.50
                        Totals totals index: 36.00
      Convective Available Potential Energy: 0.00
             CAPE using virtual temperature: 0.00
                      Convective Inhibition: 0.00
             CINS using virtual temperature: 0.00
                     Bulk Richardson Number: 0.00
          Bulk Richardson Number using CAPV: 0.00
  Temp [K] of the Lifted Condensation Level: 272.32
Pres [hPa] of the Lifted Condensation Level: 841.53
   Equivalent potential temp [K] of the LCL: 298.49
     Mean mixed layer potential temperature: 286.10
              Mean mixed layer mixing ratio: 4.31
              1000 hPa to 500 hPa thickness: 5462.00
Precipitable water [mm] for entire sounding: 6.99
